<?xml version="1.0"?>
<opencv_storage>
<calibration_Time>"Wed Aug 30 22:54:28 2023"</calibration_Time>
<image_Width>2972</image_Width>
<image_Height>5280</image_Height>
<Camera_Matrix type_id="opencv-matrix">
  <rows>3</rows>
  <cols>3</cols>
  <dt>d</dt>
  <data>
    1.80116795648093466e+03 0. 1.49101400354511611e+03 0.
    1.80144755346481975e+03 2.63351957636801671e+03 0. 0. 1.</data></Camera_Matrix>
<Distortion_Coefficients type_id="opencv-matrix">
  <rows>5</rows>
  <cols>1</cols>
  <dt>d</dt>
  <data>
    -2.98288172533700713e-01 8.89451257336349860e-02 2.16024426382747622e-05 3.24252609466980896e-05
    -1.22276038148386636e-02</data></Distortion_Coefficients>
</opencv_storage>
